0 0.5
1 0.488
2 0.4905
3 0.4895
4 0.4975
5 0.5085
6 0.497
7 0.487
8 0.481
9 0.482
10 0.4935
11 0.4995
12 0.5035
13 0.5135
14 0.505
15 0.496
16 0.506
17 0.5
18 0.4895
19 0.5105
20 0.5115
21 0.5045
22 0.494
23 0.498
24 0.492
25 0.491
26 0.4915
27 0.4955
28 0.4945
29 0.4865
30 0.489
31 0.51
32 0.4885
33 0.4975
34 0.526
35 0.508
36 0.487
37 0.495
38 0.4935
39 0.5025
40 0.5125
41 0.4965
42 0.514
43 0.473
44 0.49
45 0.507
46 0.5005
47 0.5045
48 0.4975
49 0.4925
50 0.496
51 0.504
52 0.522
53 0.488
54 0.5115
55 0.4945
56 0.4865
57 0.5165
58 0.539
59 0.496
60 0.498
61 0.501
62 0.4935
63 0.4915
64 0.521
65 0.479
66 0.4975
67 0.4965
68 0.5225
69 0.4895
70 0.506
71 0.486
72 0.494
73 0.493
74 0.4865
75 0.5005
76 0.4905
77 0.4965
78 0.49
79 0.515
80 0.518
81 0.492
82 0.5135
83 0.4885
84 0.4915
85 0.5225
86 0.5
87 0.496
88 0.51
89 0.521
90 0.4995
91 0.5335
92 0.4985
93 0.4765
94 0.525
95 0.506
96 0.5195
97 0.5105
98 0.517
99 0.507
100 0.496
101 0.508
102 0.4925
103 0.5035
104 0.5035
105 0.4855
106 0.499
107 0.494
108 0.485
109 0.494
110 0.5075
111 0.5055
112 0.5155
113 0.5185
114 0.512
115 0.498
116 0.522
117 0.494
118 0.4995
119 0.5025
120 0.5065
121 0.5245
122 0.487
123 0.494
124 0.478
125 0.503
126 0.4835
127 0.4895
128 0.4935
129 0.4905
130 0.497
131 0.511
132 0.487
133 0.501
134 0.5015
135 0.4845
136 0.4995
137 0.4915
138 0.501
139 0.484
140 0.492
141 0.503
142 0.4965
143 0.5145
144 0.4995
145 0.4905
146 0.508
147 0.484
148 0.487
149 0.471
150 0.5165
151 0.5015
152 0.4965
153 0.5145
154 0.501
155 0.51
156 0.499
157 0.528
158 0.4925
159 0.5125
160 0.494
161 0.508
162 0.4885
163 0.5055
164 0.4965
165 0.5075
166 0.498
167 0.508
168 0.497
169 0.512
170 0.4915
171 0.5075
172 0.5085
173 0.4985
174 0.498
175 0.493
176 0.501
177 0.517
178 0.5045
179 0.4755
180 0.4795
181 0.4965
182 0.508
183 0.5
184 0.487
185 0.5
186 0.4885
187 0.4945
188 0.5105
189 0.5105
190 0.493
191 0.482
192 0.4995
193 0.5005
194 0.495
195 0.511
196 0.507
197 0.479
198 0.5035
199 0.5105
200 0.4975
201 0.5015
202 0.501
203 0.506
204 0.482
205 0.479
206 0.5065
207 0.5005
208 0.4885
209 0.4935
210 0.495
211 0.499
212 0.486
213 0.502
214 0.4955
215 0.5065
216 0.4995
217 0.4955
218 0.504
219 0.501
220 0.506
221 0.487
222 0.5015
223 0.4875
224 0.492
225 0.522
226 0.4885
227 0.4915
228 0.5065
229 0.4995
230 0.516
231 0.514
232 0.515
233 0.526
234 0.4895
235 0.4995
236 0.4925
237 0.5045
238 0.496
239 0.491
240 0.498
241 0.508
242 0.4815
243 0.4965
244 0.5005
245 0.5095
246 0.499
247 0.513
248 0.506
249 0.505
250 0.4975
251 0.5035
252 0.4915
253 0.5035
254 0.506
255 0.493
256 0.5155
257 0.4905
258 0.513
259 0.517
260 0.499
261 0.517
262 0.5095
263 0.4845
264 0.5045
265 0.4965
266 0.506
267 0.497
268 0.479
269 0.508
270 0.5215
271 0.5015
272 0.4965
273 0.5035
274 0.497
275 0.509
276 0.51
277 0.516
278 0.4855
279 0.4885
280 0.4925
281 0.5085
282 0.499
283 0.498
284 0.497
285 0.506
286 0.4905
287 0.4985
288 0.506
289 0.49
290 0.4945
291 0.4975
292 0.4985
293 0.4895
294 0.496
295 0.486
296 0.504
297 0.483
298 0.5025
299 0.4865
300 0.4935
301 0.4975
302 0.501
303 0.506
304 0.504
305 0.516
306 0.4955
307 0.4945
308 0.4925
309 0.5035
310 0.503
311 0.489
312 0.497
313 0.5
314 0.4925
315 0.5005
316 0.4945
317 0.5225
318 0.501
319 0.49
320 0.5105
321 0.5355
322 0.502
323 0.506
324 0.522
325 0.5
326 0.5085
327 0.5175
328 0.4955
329 0.4895
330 0.489
331 0.516
332 0.5
333 0.493
334 0.4965
335 0.5105
336 0.5085
337 0.4915
338 0.493
339 0.503
340 0.506
341 0.502
342 0.4955
343 0.4985
344 0.4905
345 0.4865
346 0.503
347 0.508
348 0.513
349 0.504
350 0.4825
351 0.5105
352 0.497
353 0.499
354 0.5055
355 0.5045
356 0.4835
357 0.5025
358 0.507
359 0.499
360 0.495
361 0.488
362 0.5035
363 0.4995
364 0.4885
365 0.4965
366 0.492
367 0.503
368 0.484
369 0.52
370 0.4735
371 0.5145
372 0.5105
373 0.4995
374 0.501
375 0.503
376 0.495
377 0.498
378 0.5105
379 0.4925
380 0.5085
381 0.5025
382 0.489
383 0.494
384 0.496
385 0.488
386 0.4965
387 0.4955
388 0.4975
389 0.4825
390 0.501
391 0.485
392 0.5
393 0.507
394 0.4805
395 0.5005
396 0.5145
397 0.5085
398 0.514
399 0.513
400 0.493
401 0.517
402 0.4965
403 0.5035
404 0.4985
405 0.4955
406 0.503
407 0.491
408 0.482
409 0.513
410 0.5115
411 0.4915
412 0.4965
413 0.5025
414 0.503
415 0.514
416 0.5105
417 0.4875
418 0.494
419 0.492
420 0.497
421 0.531
422 0.5235
423 0.5105
424 0.4935
425 0.4995
426 0.515
427 0.484
428 0.507
429 0.484
430 0.4955
431 0.5195
432 0.4985
433 0.4915
434 0.505
435 0.495
436 0.483
437 0.517
438 0.4905
439 0.4775
440 0.5025
441 0.4965
442 0.489
443 0.518
444 0.506
445 0.503
446 0.4815
447 0.4935
448 0.498
449 0.486
450 0.5065
451 0.5075
452 0.4935
453 0.5045
454 0.495
455 0.507
456 0.514
457 0.497
458 0.5085
459 0.5145
460 0.4845
461 0.5125
462 0.492
463 0.491
464 0.508
465 0.502
466 0.5215
467 0.5045
468 0.5035
469 0.5165
470 0.5
471 0.498
472 0.507
473 0.492
474 0.5045
475 0.5125
476 0.5055
477 0.5075
478 0.506
479 0.487
480 0.5105
481 0.5075
482 0.5
483 0.496
484 0.513
485 0.513
486 0.5115
487 0.5025
488 0.4975
489 0.4835
490 0.515
491 0.494
492 0.513
493 0.516
494 0.4995
495 0.5035
496 0.5035
497 0.4905
498 0.498
499 0.492
500 0.5
501 0.522
502 0.4935
503 0.4985
504 0.5215
505 0.4975
506 0.51
507 0.471
508 0.491
509 0.5
510 0.5105
511 0.5125
512 0.5005
513 0.4885
514 0.514
515 0.497
516 0.523
517 0.496
518 0.5035
519 0.4995
520 0.5095
521 0.4825
522 0.525
523 0.499
524 0.497
525 0.493
526 0.4955
527 0.5045
528 0.5005
529 0.4925
530 0.507
531 0.478
532 0.491
533 0.5
534 0.4865
535 0.4945
536 0.5085
537 0.5095
538 0.495
539 0.505
540 0.492
541 0.508
542 0.4915
543 0.5045
544 0.506
545 0.511
546 0.4965
547 0.4945
548 0.4875
549 0.4815
550 0.497
551 0.508
552 0.492
553 0.492
554 0.4865
555 0.4935
556 0.4925
557 0.5115
558 0.486
559 0.496
560 0.495
561 0.52
562 0.5105
563 0.4965
564 0.5065
565 0.4845
566 0.483
567 0.494
568 0.516
569 0.5
570 0.4895
571 0.4965
572 0.4985
573 0.5135
574 0.509
575 0.483
576 0.4935
577 0.5075
578 0.521
579 0.496
580 0.52
581 0.477
582 0.5005
583 0.4985
584 0.4865
585 0.5095
586 0.49
587 0.484
588 0.504
589 0.512
590 0.4805
591 0.4835
592 0.4985
593 0.4945
594 0.489
595 0.502
596 0.505
597 0.516
598 0.4945
599 0.5065
600 0.5165
601 0.5095
602 0.501
603 0.497
604 0.494
605 0.504
606 0.4815
607 0.4865
608 0.515
609 0.486
610 0.5095
611 0.4835
612 0.4985
613 0.4925
614 0.498
615 0.507
616 0.497
617 0.499
618 0.5015
619 0.4765
620 0.4935
621 0.4965
622 0.487
623 0.491
624 0.485
625 0.502
626 0.4865
627 0.5145
628 0.5105
629 0.4905
630 0.491
631 0.486
632 0.516
633 0.5
634 0.4815
635 0.4945
636 0.4905
637 0.4955
638 0.523
639 0.497
640 0.494
641 0.485
642 0.5085
643 0.4925
644 0.5025
645 0.5165
646 0.502
647 0.513
648 0.492
649 0.486
650 0.4885
651 0.4935
652 0.4995
653 0.4985
654 0.501
655 0.507
656 0.478
657 0.489
658 0.5015
659 0.4895
660 0.4885
661 0.4905
662 0.499
663 0.506
664 0.509
665 0.499
666 0.5045
667 0.4975
668 0.4785
669 0.5055
670 0.497
671 0.515
672 0.4855
673 0.5135
674 0.513
675 0.5
676 0.521
677 0.508
678 0.5015
679 0.5275
680 0.4865
681 0.5155
682 0.494
683 0.508
684 0.495
685 0.497
686 0.5035
687 0.5065
688 0.4965
689 0.5005
690 0.521
691 0.524
692 0.48
693 0.503
694 0.5155
695 0.5055
696 0.4865
697 0.5115
698 0.489
699 0.491
700 0.503
701 0.489
702 0.5085
703 0.5195
704 0.51
705 0.505
706 0.5085
707 0.5105
708 0.5205
709 0.5045
710 0.498
711 0.513
712 0.5
713 0.502
714 0.5185
715 0.5175
716 0.5035
717 0.5045
718 0.501
719 0.491
720 0.511
721 0.488
722 0.5085
723 0.4925
724 0.5035
725 0.5015
726 0.514
727 0.479
728 0.504
729 0.508
730 0.4955
731 0.5045
732 0.4975
733 0.5005
734 0.478
735 0.494
736 0.5155
737 0.4715
738 0.521
739 0.502
740 0.487
741 0.5
742 0.4875
743 0.4975
744 0.5005
745 0.5215
746 0.516
747 0.496
748 0.503
749 0.487
750 0.5095
751 0.4965
752 0.4915
753 0.5135
754 0.488
755 0.495
756 0.495
757 0.506
758 0.5045
759 0.4965
760 0.5035
761 0.5025
762 0.516
763 0.498
764 0.486
765 0.5
766 0.5075
767 0.5085
768 0.497
769 0.494
770 0.4895
771 0.4835
772 0.4655
773 0.4955
774 0.497
775 0.528
776 0.516
777 0.506
778 0.5125
779 0.5135
780 0.5115
781 0.5085
782 0.483
783 0.495
784 0.498
785 0.489
786 0.5015
787 0.5055
788 0.5085
789 0.5125
790 0.481
791 0.51
792 0.502
793 0.502
794 0.4955
795 0.4905
796 0.4995
797 0.4705
798 0.502
799 0.496
800 0.4925
801 0.4785
802 0.514
803 0.507
804 0.504
805 0.515
806 0.5085
807 0.4865
808 0.5065
809 0.4795
810 0.494
811 0.504
812 0.507
813 0.479
814 0.5135
815 0.4745
816 0.5205
817 0.4765
818 0.481
819 0.492
820 0.504
821 0.501
822 0.4895
823 0.4855
824 0.4875
825 0.4985
826 0.528
827 0.488
828 0.48
829 0.498
830 0.5015
831 0.5005
832 0.496
833 0.507
834 0.4905
835 0.5125
836 0.5205
837 0.5025
838 0.492
839 0.501
840 0.495
841 0.503
842 0.4875
843 0.5005
844 0.5085
845 0.4895
846 0.506
847 0.484
848 0.496
849 0.507
850 0.5075
851 0.4895
852 0.4945
853 0.4965
854 0.501
855 0.49
856 0.482
857 0.486
858 0.4935
859 0.4945
860 0.4935
861 0.5065
862 0.496
863 0.498
864 0.4775
865 0.5175
866 0.503
867 0.48
868 0.519
869 0.502
870 0.5055
871 0.4935
872 0.5035
873 0.5065
874 0.505
875 0.503
876 0.512
877 0.5
878 0.5065
879 0.4935
880 0.5045
881 0.5045
882 0.511
883 0.504
884 0.498
885 0.497
886 0.4915
887 0.4955
888 0.5055
889 0.4925
890 0.482
891 0.496
892 0.486
893 0.506
894 0.4895
895 0.5005
896 0.4915
897 0.4915
898 0.515
899 0.498
900 0.508
901 0.519
902 0.5205
903 0.5105
904 0.5095
905 0.5045
906 0.493
907 0.489
908 0.491
909 0.495
910 0.5075
911 0.5005
912 0.5085
913 0.4905
914 0.515
915 0.496
916 0.493
917 0.49
918 0.5105
919 0.5105
920 0.4895
921 0.5065
922 0.494
923 0.48
924 0.507
925 0.497
926 0.5025
927 0.4895
928 0.505
929 0.51
930 0.4975
931 0.4955
932 0.5045
933 0.5085
934 0.498
935 0.495
936 0.504
937 0.51
938 0.4865
939 0.4875
940 0.4945
941 0.5055
942 0.494
943 0.516
944 0.483
945 0.49
946 0.4865
947 0.4945
948 0.4885
949 0.5025
950 0.507
951 0.506
952 0.509
953 0.505
954 0.5085
955 0.4995
956 0.4895
957 0.4985
958 0.496
959 0.484
960 0.4995
961 0.4995
962 0.495
963 0.5
964 0.494
965 0.507
966 0.5045
967 0.4985
968 0.4895
969 0.5165
970 0.495
971 0.509
972 0.491
973 0.485
974 0.5115
975 0.4845
976 0.4915
977 0.5115
978 0.512
979 0.489
980 0.49
981 0.511
982 0.4835
983 0.5015
984 0.4865
985 0.5055
986 0.499
987 0.489
988 0.496
989 0.494
990 0.4895
991 0.4985
992 0.501
993 0.49
994 0.4715
995 0.4955
996 0.5165
997 0.5105
998 0.506
999 0.483
1000 0.508
1001 0.502
1002 0.4945
1003 0.5215
1004 0.5085
1005 0.4935
1006 0.486
1007 0.524
1008 0.49
1009 0.487
1010 0.5095
1011 0.4855
1012 0.5075
1013 0.5015
1014 0.504
1015 0.497
1016 0.506
1017 0.5
1018 0.4835
1019 0.5105
1020 0.4925
1021 0.5015
1022 0.499
1023 0.505
1024 0.506
1025 0.512
1026 0.4855
1027 0.4945
1028 0.5035
1029 0.4845
1030 0.506
1031 0.522
1032 0.497
1033 0.508
1034 0.5065
1035 0.4905
1036 0.4755
1037 0.4955
1038 0.52
1039 0.489
1040 0.51
1041 0.482
1042 0.5105
1043 0.5055
1044 0.4795
1045 0.5025
1046 0.509
1047 0.491
1048 0.49
1049 0.507
1050 0.5025
1051 0.4885
1052 0.4885
1053 0.5105
1054 0.51
1055 0.509
1056 0.4955
1057 0.5025
1058 0.502
1059 0.518
1060 0.492
1061 0.49
1062 0.4975
1063 0.4925
1064 0.5115
1065 0.4935
1066 0.494
1067 0.503
1068 0.495
1069 0.518
1070 0.5085
1071 0.4825
1072 0.4965
1073 0.5135
1074 0.508
1075 0.482
1076 0.491
1077 0.515
1078 0.5155
1079 0.4925
1080 0.5015
1081 0.5055
1082 0.503
1083 0.482
1084 0.479
1085 0.5
1086 0.5015
1087 0.5095
1088 0.505
1089 0.497
1090 0.5005
1091 0.4935
1092 0.4825
1093 0.4995
1094 0.507
1095 0.505
1096 0.496
1097 0.513
1098 0.4995
1099 0.4995
1100 0.4965
1101 0.5045
1102 0.489
1103 0.508
1104 0.478
1105 0.482
1106 0.5125
1107 0.4895
1108 0.5035
1109 0.4965
1110 0.501
1111 0.503
1112 0.476
1113 0.509
1114 0.5085
1115 0.4885
1116 0.5165
1117 0.5045
1118 0.496
1119 0.499
1120 0.4845
1121 0.5095
1122 0.489
1123 0.509
1124 0.507
1125 0.505
1126 0.4925
1127 0.5175
1128 0.5005
1129 0.5005
1130 0.507
1131 0.516
1132 0.512
1133 0.507
1134 0.5115
1135 0.4915
1136 0.5105
1137 0.5115
1138 0.502
1139 0.494
1140 0.495
1141 0.501
1142 0.5135
1143 0.4785
1144 0.4975
1145 0.5055
1146 0.521
1147 0.502
1148 0.507
1149 0.486
1150 0.5055
1151 0.4975
1152 0.4725
1153 0.5135
1154 0.495
1155 0.485
1156 0.478
1157 0.512
1158 0.5175
1159 0.5005
1160 0.5105
1161 0.5145
1162 0.491
1163 0.506
1164 0.503
1165 0.51
1166 0.4845
1167 0.4865
1168 0.5085
1169 0.5075
1170 0.512
1171 0.512
1172 0.496
1173 0.492
1174 0.5025
1175 0.5155
1176 0.5135
1177 0.4915
1178 0.485
1179 0.502
1180 0.5
1181 0.477
1182 0.4985
1183 0.4985
1184 0.482
1185 0.48
1186 0.5115
1187 0.4965
1188 0.4985
1189 0.5015
1190 0.509
1191 0.503
1192 0.511
1193 0.518
1194 0.5285
1195 0.5045
1196 0.5125
1197 0.4945
1198 0.483
1199 0.51
1200 0.525
1201 0.505
1202 0.5155
1203 0.5185
1204 0.4895
1205 0.5145
1206 0.511
1207 0.491
1208 0.489
1209 0.522
1210 0.5095
1211 0.4995
1212 0.5105
1213 0.4945
1214 0.486
1215 0.495
1216 0.5045
1217 0.5135
1218 0.513
1219 0.509
1220 0.492
1221 0.504
1222 0.4995
1223 0.5105
1224 0.4905
1225 0.4945
1226 0.499
1227 0.5
1228 0.507
1229 0.496
1230 0.5025
1231 0.5085
1232 0.4895
1233 0.4865
1234 0.485
1235 0.513
1236 0.511
1237 0.491
1238 0.5075
1239 0.5065
1240 0.4925
1241 0.4965
1242 0.498
1243 0.487
1244 0.515
1245 0.492
1246 0.4935
1247 0.5155
1248 0.502
1249 0.508
1250 0.4955
1251 0.4745
1252 0.5225
1253 0.4995
1254 0.503
1255 0.501
1256 0.507
1257 0.502
1258 0.4905
1259 0.5165
1260 0.4985
1261 0.4945
1262 0.509
1263 0.52
1264 0.482
1265 0.5
1266 0.5105
1267 0.4975
1268 0.4785
1269 0.4835
1270 0.488
1271 0.494
1272 0.516
1273 0.523
1274 0.5205
1275 0.4905
1276 0.4835
1277 0.4915
1278 0.501
1279 0.52
1280 0.5115
1281 0.4805
1282 0.508
1283 0.486
1284 0.479
1285 0.519
1286 0.5065
1287 0.4995
1288 0.5125
1289 0.4825
1290 0.509
1291 0.506
1292 0.491
1293 0.486
1294 0.5145
1295 0.5045
1296 0.5025
1297 0.4915
1298 0.51
1299 0.496
1300 0.496
1301 0.484
1302 0.4885
1303 0.4975
1304 0.5065
1305 0.5125
1306 0.48
1307 0.485
1308 0.507
1309 0.506
1310 0.4935
1311 0.5075
1312 0.503
1313 0.493
1314 0.5065
1315 0.4915
1316 0.4975
1317 0.4745
1318 0.512
1319 0.488
1320 0.503
1321 0.512
1322 0.5005
1323 0.5145
1324 0.5105
1325 0.5005
1326 0.495
1327 0.494
1328 0.537
1329 0.495
1330 0.5115
1331 0.5085
1332 0.4915
1333 0.4885
1334 0.519
1335 0.503
1336 0.504
1337 0.501
1338 0.4945
1339 0.5165
1340 0.5035
1341 0.5015
1342 0.515
1343 0.502
1344 0.5185
1345 0.4975
1346 0.499
1347 0.509
1348 0.502
1349 0.494
1350 0.4875
1351 0.4745
1352 0.5195
1353 0.4915
1354 0.506
1355 0.499
1356 0.484
1357 0.491
1358 0.5235
1359 0.4995
1360 0.5045
1361 0.4895
1362 0.502
1363 0.474
1364 0.494
1365 0.516
1366 0.5065
1367 0.5035
1368 0.4945
1369 0.5165
1370 0.464
1371 0.479
1372 0.501
1373 0.51
1374 0.4775
1375 0.4995
1376 0.51
1377 0.514
1378 0.4915
1379 0.5005
1380 0.5105
1381 0.5035
1382 0.493
1383 0.515
1384 0.498
1385 0.485
1386 0.5115
1387 0.5015
1388 0.5215
1389 0.5035
1390 0.5
1391 0.501
1392 0.523
1393 0.497
1394 0.5015
1395 0.4925
1396 0.4955
1397 0.4785
1398 0.501
1399 0.509
1400 0.492
1401 0.521
1402 0.5005
1403 0.5045
1404 0.4955
1405 0.4915
1406 0.495
1407 0.498
1408 0.507
1409 0.495
1410 0.4725
1411 0.4995
1412 0.5085
1413 0.4935
1414 0.487
1415 0.503
1416 0.485
1417 0.488
1418 0.4985
1419 0.4985
1420 0.4955
1421 0.4895
1422 0.514
1423 0.513
1424 0.514
1425 0.494
1426 0.5025
1427 0.4935
1428 0.5075
1429 0.4925
1430 0.491
1431 0.511
1432 0.505
1433 0.5
1434 0.4955
1435 0.5075
1436 0.4995
1437 0.5095
1438 0.501
1439 0.488
1440 0.4945
1441 0.5035
1442 0.495
1443 0.497
1444 0.511
1445 0.493
1446 0.5005
1447 0.4795
1448 0.5015
1449 0.5155
1450 0.492
1451 0.481
1452 0.505
1453 0.502
1454 0.4885
1455 0.4885
1456 0.5145
1457 0.4995
1458 0.51
1459 0.492
1460 0.493
1461 0.487
1462 0.4755
1463 0.4945
1464 0.5145
1465 0.5165
1466 0.51
1467 0.515
1468 0.492
1469 0.489
1470 0.4945
1471 0.5145
1472 0.497
1473 0.501
1474 0.5205
1475 0.4895
1476 0.4885
1477 0.5115
1478 0.491
1479 0.491
1480 0.511
1481 0.502
1482 0.5005
1483 0.4985
1484 0.5135
1485 0.4975
1486 0.502
1487 0.497
1488 0.515
1489 0.497
1490 0.5235
1491 0.4985
1492 0.4945
1493 0.4795
1494 0.512
1495 0.478
1496 0.512
1497 0.509
1498 0.5125
1499 0.4805
1500 0.4865
1501 0.4925
1502 0.5
1503 0.489
1504 0.5025
1505 0.4995
1506 0.487
1507 0.511
1508 0.507
1509 0.487
1510 0.4785
1511 0.5095
1512 0.4895
1513 0.4835
1514 0.518
1515 0.509
1516 0.475
1517 0.498
1518 0.4905
1519 0.5025
1520 0.4815
1521 0.5045
1522 0.515
1523 0.497
1524 0.5
1525 0.518
1526 0.5105
1527 0.5115
1528 0.5075
1529 0.4955
1530 0.515
1531 0.488
1532 0.511
1533 0.5
1534 0.5035
1535 0.4855
1536 0.5115
1537 0.4995
1538 0.52
1539 0.491
1540 0.52
1541 0.497
1542 0.4895
1543 0.4855
1544 0.5185
1545 0.4875
1546 0.501
1547 0.507
1548 0.504
1549 0.508
1550 0.4875
1551 0.5005
1552 0.4915
1553 0.4995
1554 0.525
1555 0.512
1556 0.508
1557 0.509
1558 0.5005
1559 0.5085
1560 0.4975
1561 0.4945
1562 0.511
1563 0.509
1564 0.483
1565 0.487
1566 0.5035
1567 0.5205
1568 0.512
1569 0.509
1570 0.4735
1571 0.5115
1572 0.4975
1573 0.5035
1574 0.496
1575 0.503
1576 0.498
1577 0.502
1578 0.4715
1579 0.4905
1580 0.4785
1581 0.5135
1582 0.485
1583 0.487
1584 0.499
1585 0.5
1586 0.5095
1587 0.4995
1588 0.5145
1589 0.5005
1590 0.504
1591 0.503
1592 0.48
1593 0.5
1594 0.4845
1595 0.4915
1596 0.5105
1597 0.4815
1598 0.506
1599 0.48
1600 0.5145
1601 0.5205
1602 0.503
1603 0.506
1604 0.491
1605 0.5
1606 0.5145
1607 0.4885
1608 0.5095
1609 0.4805
1610 0.494
1611 0.52
1612 0.497
1613 0.489
1614 0.4885
1615 0.4795
1616 0.5055
1617 0.4975
1618 0.497
1619 0.498
1620 0.51
1621 0.493
1622 0.5025
1623 0.4785
1624 0.5135
1625 0.4985
1626 0.507
1627 0.495
1628 0.497
1629 0.507
1630 0.4955
1631 0.5005
1632 0.495
1633 0.502
1634 0.5065
1635 0.5085
1636 0.4945
1637 0.5125
1638 0.513
1639 0.482
1640 0.513
1641 0.515
1642 0.5025
1643 0.5095
1644 0.4935
1645 0.4925
1646 0.482
1647 0.506
1648 0.513
1649 0.506
1650 0.4995
1651 0.5155
1652 0.5065
1653 0.5025
1654 0.482
1655 0.513
1656 0.496
1657 0.492
1658 0.4985
1659 0.5035
1660 0.4985
1661 0.5075
1662 0.49
1663 0.504
1664 0.51
1665 0.499
1666 0.5215
1667 0.5035
1668 0.5085
1669 0.5085
1670 0.515
1671 0.488
1672 0.5
1673 0.504
1674 0.5055
1675 0.5045
1676 0.5175
1677 0.4985
1678 0.506
1679 0.486
1680 0.498
1681 0.495
1682 0.5065
1683 0.4925
1684 0.4985
1685 0.5025
1686 0.488
1687 0.517
1688 0.513
1689 0.517
1690 0.4775
1691 0.4725
1692 0.5045
1693 0.4895
1694 0.534
1695 0.506
1696 0.5125
1697 0.4985
1698 0.501
1699 0.514
1700 0.512
1701 0.501
1702 0.5035
1703 0.5035
1704 0.5115
1705 0.5105
1706 0.52
1707 0.516
1708 0.516
1709 0.484
1710 0.5035
1711 0.5005
1712 0.4935
1713 0.4915
1714 0.483
1715 0.496
1716 0.505
1717 0.506
1718 0.5155
1719 0.5155
1720 0.4975
1721 0.5125
1722 0.509
1723 0.485
1724 0.498
1725 0.498
1726 0.5145
1727 0.5235
1728 0.488
1729 0.501
1730 0.4935
1731 0.5055
1732 0.5005
1733 0.4905
1734 0.503
1735 0.5
1736 0.486
1737 0.478
1738 0.4915
1739 0.4885
1740 0.4955
1741 0.4905
1742 0.506
1743 0.498
1744 0.487
1745 0.506
1746 0.4955
1747 0.5015
1748 0.4975
1749 0.5295
1750 0.513
1751 0.492
1752 0.524
1753 0.502
1754 0.4865
1755 0.5055
1756 0.4955
1757 0.5045
1758 0.481
1759 0.491
1760 0.4845
1761 0.5105
1762 0.501
1763 0.492
1764 0.512
1765 0.503
1766 0.4775
1767 0.5095
1768 0.4835
1769 0.5225
1770 0.478
1771 0.504
1772 0.51
1773 0.484
1774 0.4815
1775 0.4945
1776 0.5085
1777 0.5125
1778 0.488
1779 0.501
1780 0.512
1781 0.489
1782 0.5065
1783 0.4965
1784 0.4985
1785 0.5155
1786 0.506
1787 0.498
1788 0.509
1789 0.501
1790 0.5115
1791 0.4905
1792 0.484
1793 0.501
1794 0.5055
1795 0.4955
1796 0.5145
1797 0.4925
1798 0.493
1799 0.504
1800 0.511
1801 0.501
1802 0.4965
1803 0.4975
1804 0.5005
1805 0.4895
1806 0.499
1807 0.511
1808 0.489
1809 0.48
1810 0.5015
1811 0.5015
1812 0.5135
1813 0.5135
1814 0.493
1815 0.506
1816 0.497
1817 0.501
1818 0.4955
1819 0.5065
1820 0.5165
1821 0.4955
1822 0.482
1823 0.504
1824 0.4825
1825 0.4805
1826 0.489
1827 0.482
1828 0.466
1829 0.505
1830 0.5095
1831 0.4715
1832 0.4985
1833 0.5115
1834 0.515
1835 0.489
1836 0.503
1837 0.499
1838 0.4965
1839 0.5015
1840 0.5165
1841 0.5125
1842 0.49
1843 0.485
1844 0.504
1845 0.489
1846 0.5005
1847 0.5085
1848 0.5055
1849 0.5125
1850 0.511
1851 0.499
1852 0.506
1853 0.492
1854 0.5065
1855 0.4895
1856 0.483
1857 0.522
1858 0.5125
1859 0.4985
1860 0.4895
1861 0.4995
1862 0.518
1863 0.507
1864 0.506
1865 0.482
1866 0.5015
1867 0.4905
1868 0.5295
1869 0.5105
1870 0.488
1871 0.49
1872 0.517
1873 0.484
1874 0.5115
1875 0.4935
1876 0.4815
1877 0.4995
1878 0.485
1879 0.502
1880 0.503
1881 0.499
1882 0.4775
1883 0.4985
1884 0.5285
1885 0.5215
1886 0.492
1887 0.502
1888 0.5035
1889 0.5035
1890 0.48
1891 0.485
1892 0.501
1893 0.508
1894 0.5085
1895 0.5165
1896 0.4995
1897 0.5065
1898 0.512
1899 0.518
1900 0.512
1901 0.488
1902 0.4995
1903 0.5185
1904 0.4985
1905 0.4985
1906 0.5
1907 0.509
1908 0.488
1909 0.507
1910 0.4985
1911 0.5305
1912 0.5015
1913 0.5005
1914 0.513
1915 0.499
1916 0.506
1917 0.486
1918 0.4785
1919 0.5135
1920 0.5135
1921 0.5075
1922 0.504
1923 0.517
1924 0.512
1925 0.509
1926 0.5215
1927 0.4935
1928 0.5055
1929 0.4985
1930 0.512
1931 0.486
1932 0.513
1933 0.499
1934 0.5025
1935 0.4815
1936 0.5105
1937 0.5025
1938 0.484
1939 0.499
1940 0.485
1941 0.48
1942 0.4915
1943 0.5055
1944 0.4935
1945 0.5005
1946 0.485
1947 0.501
1948 0.493
1949 0.493
1950 0.4975
1951 0.4945
1952 0.502
1953 0.493
1954 0.5015
1955 0.4775
1956 0.5015
1957 0.5155
1958 0.492
1959 0.491
1960 0.489
1961 0.485
1962 0.4825
1963 0.4975
1964 0.5115
1965 0.4805
1966 0.504
1967 0.492
1968 0.522
1969 0.499
1970 0.5085
1971 0.4985
1972 0.4955
1973 0.4915
1974 0.487
1975 0.496
1976 0.492
1977 0.502
1978 0.4745
1979 0.4995
1980 0.5085
1981 0.5115
1982 0.512
1983 0.514
1984 0.4975
1985 0.5115
1986 0.51
1987 0.501
1988 0.49
1989 0.493
1990 0.5075
1991 0.5115
1992 0.4975
1993 0.4865
1994 0.488
1995 0.492
1996 0.501
1997 0.489
1998 0.5045
1999 0.4995
2000 0.4875
2001 0.5015
2002 0.501
2003 0.488
2004 0.5
2005 0.511
2006 0.4925
2007 0.4845
2008 0.5085
2009 0.5015
2010 0.502
2011 0.498
2012 0.508
2013 0.492
2014 0.4965
2015 0.5075
2016 0.494
2017 0.501
2018 0.5055
2019 0.5155
2020 0.4935
2021 0.5055
2022 0.514
2023 0.501
2024 0.509
2025 0.509
2026 0.5085
2027 0.5095
2028 0.5015
2029 0.5165
2030 0.498
2031 0.494
2032 0.483
2033 0.51
2034 0.4955
2035 0.5135
2036 0.4845
2037 0.4885
2038 0.488
2039 0.495
2040 0.483
2041 0.495
2042 0.5095
2043 0.4945
2044 0.5215
2045 0.4965
2046 0.495
2047 0.495
