0 0.5
1 0.516
2 0.5
3 0.507
4 0.5055
5 0.5045
6 0.5025
7 0.5085
8 0.5215
9 0.5005
10 0.4875
11 0.5035
12 0.5
13 0.496
14 0.505
15 0.506
16 0.5015
17 0.4985
18 0.4935
19 0.4855
20 0.505
21 0.501
22 0.488
23 0.499
24 0.494
25 0.506
26 0.486
27 0.247
28 0.5085
29 0.5055
30 0.5095
31 0.4995
32 0.478
33 0.511
34 0.503
35 0.521
36 0.5245
37 0.5105
38 0.4945
39 0.5175
40 0.5195
41 0.4935
42 0.5045
43 0.5175
44 0.517
45 0.498
46 0.505
47 0.513
48 0.5025
49 0.5065
50 0.5015
51 0.5065
52 0.485
53 0.502
54 0.503
55 0.497
56 0.517
57 0.514
58 0.51
59 0.502
60 0.4885
61 0.5125
62 0.4945
63 0.5055
64 0.515
65 0.494
66 0.511
67 0.517
68 0.5075
69 0.5095
70 0.4905
71 0.4995
72 0.4995
73 0.4955
74 0.5135
75 0.4985
76 0.501
77 0.494
78 0.488
79 0.498
80 0.5065
81 0.5085
82 0.5025
83 0.5075
84 0.487
85 0.492
86 0.508
87 0.476
88 0.488
89 0.503
90 0.5
91 0.484
92 0.5075
93 0.4915
94 0.4985
95 0.4915
96 0.52
97 0.502
98 0.489
99 0.512
100 0.4955
101 0.5025
102 0.4755
103 0.4835
104 0.5105
105 0.4875
106 0.5035
107 0.5075
108 0.481
109 0.517
110 0.511
111 0.502
112 0.5165
113 0.5115
114 0.4995
115 0.5155
116 0.498
117 0.51
118 0.506
119 0.511
120 0.498
121 0.492
122 0.503
123 0.5
124 0.4965
125 0.5095
126 0.4805
127 0.5005
